model info
hidden_dim: 768
patch_size: 16
heads: 12
num_classes: 1000
depth: 12
inference time
[0.07404160499572754, 0.050693511962890625, 0.04286932945251465, 0.05872392654418945, 0.09836578369140625, 0.04808807373046875, 0.045104265213012695, 0.04328656196594238, 0.08411693572998047, 0.03942131996154785, 0.10036325454711914, 0.07561421394348145, 0.061994075775146484, 0.09163784980773926, 0.05627632141113281, 0.06418132781982422, 0.05168724060058594, 0.06366515159606934, 0.06379008293151855, 0.07175731658935547, 0.05653524398803711, 0.054486751556396484, 0.0847470760345459, 0.045240163803100586, 0.061939239501953125, 0.07360219955444336, 0.04468584060668945, 0.07070302963256836, 0.05564594268798828, 0.05778098106384277, 0.061685800552368164, 0.11240386962890625, 0.05955791473388672, 0.04635334014892578, 0.05446910858154297, 0.05195188522338867, 0.08547544479370117, 0.039324045181274414, 0.049802541732788086, 0.08200740814208984, 0.06316041946411133, 0.04025435447692871, 0.06292533874511719, 0.07253766059875488, 0.04389667510986328, 0.06433844566345215, 0.07192206382751465, 0.04543590545654297, 0.03924131393432617, 0.03907513618469238]
mfu and throughput
mfu: 0.2211488238276145
throughput: 520.0101043757217
model info
hidden_dim: 768
patch_size: 16
heads: 12
num_classes: 1000
depth: 12
inference time
[0.038791656494140625, 0.03907465934753418, 0.03867006301879883, 0.038724422454833984, 0.03874921798706055, 0.03845405578613281, 0.05364084243774414, 0.04679298400878906, 0.039438724517822266, 0.0388646125793457, 0.05759906768798828, 0.04266023635864258, 0.038797855377197266, 0.039202213287353516, 0.03908705711364746, 0.03922605514526367, 0.03976154327392578, 0.039116859436035156, 0.050649404525756836, 0.04346585273742676, 0.04210305213928223, 0.03908705711364746, 0.03908658027648926, 0.038985252380371094, 0.0391850471496582, 0.040604352951049805, 0.040181636810302734, 0.04015707969665527, 0.04415130615234375, 0.04113149642944336, 0.047814369201660156, 0.038773298263549805, 0.04127764701843262, 0.03861212730407715, 0.03968620300292969, 0.04572939872741699, 0.0452880859375, 0.03893709182739258, 0.044623374938964844, 0.038774728775024414, 0.041158437728881836, 0.038724422454833984, 0.040656089782714844, 0.03903985023498535, 0.04476332664489746, 0.038843631744384766, 0.038695335388183594, 0.038785457611083984, 0.03882336616516113, 0.03864145278930664]
mfu and throughput
mfu: 0.3298185618509222
throughput: 775.5364998316234
model info
hidden_dim: 768
patch_size: 16
heads: 12
num_classes: 1000
depth: 12
inference time
[0.03939366340637207, 0.04795026779174805, 0.05684399604797363, 0.04491591453552246, 0.043398141860961914, 0.05231142044067383, 0.04823756217956543, 0.058882951736450195, 0.06405472755432129, 0.040163516998291016, 0.1049807071685791, 0.053423404693603516, 0.05266857147216797, 0.06632161140441895, 0.04097890853881836, 0.06296205520629883, 0.042931318283081055, 0.045656681060791016, 0.07458209991455078, 0.05557823181152344, 0.03956437110900879, 0.046625614166259766, 0.09885525703430176, 0.04586291313171387, 0.07023954391479492, 0.073272705078125, 0.047158241271972656, 0.10215020179748535, 0.04117703437805176, 0.04674649238586426, 0.040830135345458984, 0.05777549743652344, 0.0411067008972168, 0.04389595985412598, 0.0479891300201416, 0.05656790733337402, 0.039029598236083984, 0.05191636085510254, 0.04897284507751465, 0.038831472396850586, 0.03925967216491699, 0.0526125431060791, 0.03899645805358887, 0.04817461967468262, 0.03969264030456543, 0.04898381233215332, 0.039789438247680664, 0.039194345474243164, 0.04481768608093262, 0.038671255111694336]
mfu and throughput
mfu: 0.26120755810351726
throughput: 614.2043498228927
